0.0410787
-0.00387329
-0.0183747
-0.00201279
-0.0082466
-0.00804704
-0.00913113
-0.00519922
0.000632465
-0.00776929
-0.00143775
0.0410787
0.00695878
0.00300965
-0.00793177
0.00209385
-0.00952395
0.0107184
-0.000383228
-0.000297368
-0.0103091
-0.0266701
-0.0568044
-0.00710896
-0.0216244
-0.00721428
-0.000907063
-0.0200059
-0.00187695
-0.00664401
-0.00717926
-0.0134559
-0.00438628
-0.00568265
-0.000497043
-0.0114512
0.0111766
-0.0139826
-0.0137776
-0.00096032
0.0002397
-0.0197564
0.00365806
0.00216192
-0.00405174
0.00604712
-0.00854218
-0.0190189
0.0217658
0.000430599
-0.00666919
0.0150554
-0.00983512
0.00465173
-0.0132305
0.00538588
0.032158
